[LogGrowth1]
Educt=100
Product=0.001

[SoilNitrogenUp1]
WG_1=0.317243971398168
WG_2=0.318366804803607
WG_3=0.319513192791
WG_4=0.334397394626028
WG_5=0.335664587521511
WG_6=0.336959574176674
WG_7=0.338283398406266
WG_8=0.339637157879898
WG_9=0.34102200749908
WG10=0.342439163001783
WG11=0.343889904806782
WG12=0.345375582109346
WG13=0.34689761723863
WG14=0.348457510285207
WG15=0.35005684400423
WG16=0.351697288995538
WG17=0.353380609156071
WG18=0.355108667391744
WG19=0.356883431564726
WG20=0.358706980636822
WG21=0.36058151094918

[SoilWaterModel]
WG_1=0.317243971398168
WG_2=0.318366804803607
WG_3=0.319513192791
WG_4=0.334397394626028
WG_5=0.335664587521511
WG_6=0.336959574176674
WG_7=0.338283398406266
WG_8=0.339637157879898
WG_9=0.34102200749908
WG10=0.342439163001783
WG11=0.343889904806782
WG12=0.345375582109346
WG13=0.34689761723863
WG14=0.348457510285207
WG15=0.35005684400423
WG16=0.351697288995538
WG17=0.353380609156071
WG18=0.355108667391744
WG19=0.356883431564726
WG20=0.358706980636822
WG21=0.36058151094918
CumAutoIrrigation=0
CumDrainage=0
CumET=0
CumETpot=0
CumEvap=0
CumGlobalWaterBalance=0
CumNetRain=0
CumRunoff=0
CumSumMinera=0
CumSumUptake=0
CumTrans=0
CumTranspot=0
CumWaterBalance=0
Daily_NBal=0
Nmin_1=5
Nmin_2=5
Nmin_3=5
Nmin_4=5
Nmin_5=5
Nmin_6=5
Nmin_7=5
Nmin_8=5
Nmin_9=5
Nmin10=5
Nmin11=5
Nmin12=5
Nmin13=5
Nmin14=5
Nmin15=5
Nmin16=5
Nmin17=5
Nmin18=5
Nmin19=5
Nmin20=5
Nmin21=5
PondedWater=0
SoilNUptakeGrowth=0
SumDrain=0
SumPlantNDemand=0
SumSoilNuptake=0
Total_NBal=0
WMenge_1=3.17244
WMenge_2=3.18367
WMenge_3=3.19513
WMenge_4=3.34397
WMenge_5=3.35665
WMenge_6=3.3696
WMenge_7=3.38283
WMenge_8=3.39637
WMenge_9=3.41022
WMenge10=3.42439
WMenge11=3.4389
WMenge12=3.45376
WMenge13=3.46898
WMenge14=3.48458
WMenge15=3.50057
WMenge16=3.51697
WMenge17=3.53381
WMenge18=3.55109
WMenge19=3.56883
WMenge20=3.58707
WMenge21=3.60582

[Daylength1]
DayofYear=1

[PenMonteith1]
int_stor=0

